sysclk	clk	processeur_ARO2/PC	processeur_ARO2/fetch_instr	processeur_ARO2/jump_addr	processeur_ARO2/execute/data_out_o	processeur_ARO2/bank_registers/R0	processeur_ARO2/bank_registers/R1	processeur_ARO2/bank_registers/R2	processeur_ARO2/bank_registers/R3	processeur_ARO2/bank_registers/R4	processeur_ARO2/bank_registers/LR	
noclk
0	0	0000000000000000	0000000000000000	0000000000000000	0000000000000000	0000000000000000	0000000000000000	0000000000000000	0000000000000000	0000000000000000	0000000000000000	
0	0	0000000000000000	0000000000000000	0000000000000000	0000000000000000	0000000000000000	0000000000000000	0000000000000000	0000000000000000	0000000000000000	0000000000000000	
1	1	0000000000000010	0010000000000100	0000000000000000	0000000000000000	0000000000000000	0000000000000000	0000000000000000	0000000000000000	0000000000000000	0000000000000000	
0	1	0000000000000010	0010000000000100	0000000000000000	0000000000000000	0000000000000000	0000000000000000	0000000000000000	0000000000000000	0000000000000000	0000000000000000	
1	1	0000000000000010	0010000000000100	0000000000000000	0000000000000000	0000000000000000	0000000000000000	0000000000000000	0000000000000000	0000000000000000	0000000000000000	
0	0	0000000000000010	0010000000000100	0000000000000000	0000000000000000	0000000000000000	0000000000000000	0000000000000000	0000000000000000	0000000000000000	0000000000000000	
1	0	0000000000000010	0010000000000100	0000000000000000	0000000000000000	0000000000000000	0000000000000000	0000000000000000	0000000000000000	0000000000000000	0000000000000000	
0	0	0000000000000010	0010000000000100	0000000000000000	0000000000000000	0000000000000000	0000000000000000	0000000000000000	0000000000000000	0000000000000000	0000000000000000	
1	0	0000000000000010	0010000000000100	0000000000000000	0000000000000000	0000000000000000	0000000000000000	0000000000000000	0000000000000000	0000000000000000	0000000000000000	
0	1	0000000000000100	0010000100000011	0000000000000000	0000000000000000	0000000000000000	0000000000000000	0000000000000000	0000000000000000	0000000000000000	0000000000000000	
1	1	0000000000000100	0010000100000011	0000000000000000	0000000000000000	0000000000000000	0000000000000000	0000000000000000	0000000000000000	0000000000000000	0000000000000000	
0	1	0000000000000100	0010000100000011	0000000000000000	0000000000000000	0000000000000000	0000000000000000	0000000000000000	0000000000000000	0000000000000000	0000000000000000	
1	1	0000000000000100	0010000100000011	0000000000000000	0000000000000000	0000000000000000	0000000000000000	0000000000000000	0000000000000000	0000000000000000	0000000000000000	
0	0	0000000000000100	0010000100000011	0000000000000000	0000000000000000	0000000000000000	0000000000000000	0000000000000000	0000000000000000	0000000000000000	0000000000000000	
1	0	0000000000000100	0010000100000011	0000000000000000	0000000000000000	0000000000000000	0000000000000000	0000000000000000	0000000000000000	0000000000000000	0000000000000000	
0	0	0000000000000100	0010000100000011	0000000000000000	0000000000000000	0000000000000000	0000000000000000	0000000000000000	0000000000000000	0000000000000000	0000000000000000	
1	0	0000000000000100	0010000100000011	0000000000000000	0000000000000000	0000000000000000	0000000000000000	0000000000000000	0000000000000000	0000000000000000	0000000000000000	
0	1	0000000000000110	0010001000000001	0000000000000000	0000000000000100	0000000000000000	0000000000000000	0000000000000000	0000000000000000	0000000000000000	0000000000000000	
1	1	0000000000000110	0010001000000001	0000000000000000	0000000000000100	0000000000000000	0000000000000000	0000000000000000	0000000000000000	0000000000000000	0000000000000000	
0	1	0000000000000110	0010001000000001	0000000000000000	0000000000000100	0000000000000000	0000000000000000	0000000000000000	0000000000000000	0000000000000000	0000000000000000	
1	1	0000000000000110	0010001000000001	0000000000000000	0000000000000100	0000000000000000	0000000000000000	0000000000000000	0000000000000000	0000000000000000	0000000000000000	
0	0	0000000000000110	0010001000000001	0000000000000000	0000000000000100	0000000000000000	0000000000000000	0000000000000000	0000000000000000	0000000000000000	0000000000000000	
1	0	0000000000000110	0010001000000001	0000000000000000	0000000000000100	0000000000000000	0000000000000000	0000000000000000	0000000000000000	0000000000000000	0000000000000000	
0	0	0000000000000110	0010001000000001	0000000000000000	0000000000000100	0000000000000000	0000000000000000	0000000000000000	0000000000000000	0000000000000000	0000000000000000	
1	0	0000000000000110	0010001000000001	0000000000000000	0000000000000100	0000000000000000	0000000000000000	0000000000000000	0000000000000000	0000000000000000	0000000000000000	
0	1	0000000000001000	0010010000000010	0000000000000100	0000000000000011	0000000000000000	0000000000000000	0000000000000000	0000000000000000	0000000000000000	0000000000000000	
1	1	0000000000001000	0010010000000010	0000000000000100	0000000000000011	0000000000000000	0000000000000000	0000000000000000	0000000000000000	0000000000000000	0000000000000000	
0	1	0000000000001000	0010010000000010	0000000000000100	0000000000000011	0000000000000000	0000000000000000	0000000000000000	0000000000000000	0000000000000000	0000000000000000	
1	1	0000000000001000	0010010000000010	0000000000000100	0000000000000011	0000000000000000	0000000000000000	0000000000000000	0000000000000000	0000000000000000	0000000000000000	
0	0	0000000000001000	0010010000000010	0000000000000100	0000000000000011	0000000000000000	0000000000000000	0000000000000000	0000000000000000	0000000000000000	0000000000000000	
1	0	0000000000001000	0010010000000010	0000000000000100	0000000000000011	0000000000000000	0000000000000000	0000000000000000	0000000000000000	0000000000000000	0000000000000000	
0	0	0000000000001000	0010010000000010	0000000000000100	0000000000000011	0000000000000000	0000000000000000	0000000000000000	0000000000000000	0000000000000000	0000000000000000	
1	0	0000000000001000	0010010000000010	0000000000000100	0000000000000011	0000000000000000	0000000000000000	0000000000000000	0000000000000000	0000000000000000	0000000000000000	
0	1	0000000000001010	0000000001010010	0000000000000011	0000000000000001	0000000000000100	0000000000000000	0000000000000000	0000000000000000	0000000000000000	0000000000000000	
1	1	0000000000001010	0000000001010010	0000000000000011	0000000000000001	0000000000000100	0000000000000000	0000000000000000	0000000000000000	0000000000000000	0000000000000000	
0	1	0000000000001010	0000000001010010	0000000000000011	0000000000000001	0000000000000100	0000000000000000	0000000000000000	0000000000000000	0000000000000000	0000000000000000	
1	1	0000000000001010	0000000001010010	0000000000000011	0000000000000001	0000000000000100	0000000000000000	0000000000000000	0000000000000000	0000000000000000	0000000000000000	
0	0	0000000000001010	0000000001010010	0000000000000011	0000000000000001	0000000000000100	0000000000000000	0000000000000000	0000000000000000	0000000000000000	0000000000000000	
1	0	0000000000001010	0000000001010010	0000000000000011	0000000000000001	0000000000000100	0000000000000000	0000000000000000	0000000000000000	0000000000000000	0000000000000000	
0	0	0000000000001010	0000000001010010	0000000000000011	0000000000000001	0000000000000100	0000000000000000	0000000000000000	0000000000000000	0000000000000000	0000000000000000	
1	0	0000000000001010	0000000001010010	0000000000000011	0000000000000001	0000000000000100	0000000000000000	0000000000000000	0000000000000000	0000000000000000	0000000000000000	
0	1	0000000000001010	0000000001010010	0000000000000001	0000000000000010	0000000000000100	0000000000000011	0000000000000000	0000000000000000	0000000000000000	0000000000000000	
1	1	0000000000001010	0000000001010010	0000000000000001	0000000000000010	0000000000000100	0000000000000011	0000000000000000	0000000000000000	0000000000000000	0000000000000000	
0	1	0000000000001010	0000000001010010	0000000000000001	0000000000000010	0000000000000100	0000000000000011	0000000000000000	0000000000000000	0000000000000000	0000000000000000	
1	1	0000000000001010	0000000001010010	0000000000000001	0000000000000010	0000000000000100	0000000000000011	0000000000000000	0000000000000000	0000000000000000	0000000000000000	
0	0	0000000000001010	0000000001010010	0000000000000001	0000000000000010	0000000000000100	0000000000000011	0000000000000000	0000000000000000	0000000000000000	0000000000000000	
1	0	0000000000001010	0000000001010010	0000000000000001	0000000000000010	0000000000000100	0000000000000011	0000000000000000	0000000000000000	0000000000000000	0000000000000000	
0	0	0000000000001010	0000000001010010	0000000000000001	0000000000000010	0000000000000100	0000000000000011	0000000000000000	0000000000000000	0000000000000000	0000000000000000	
1	0	0000000000001010	0000000001010010	0000000000000001	0000000000000010	0000000000000100	0000000000000011	0000000000000000	0000000000000000	0000000000000000	0000000000000000	
0	1	0000000000001010	0000000001010010	0000000000000010	0000000000000010	0000000000000100	0000000000000011	0000000000000001	0000000000000000	0000000000000000	0000000000000000	
1	1	0000000000001010	0000000001010010	0000000000000010	0000000000000010	0000000000000100	0000000000000011	0000000000000001	0000000000000000	0000000000000000	0000000000000000	
0	1	0000000000001010	0000000001010010	0000000000000010	0000000000000010	0000000000000100	0000000000000011	0000000000000001	0000000000000000	0000000000000000	0000000000000000	
1	1	0000000000001010	0000000001010010	0000000000000010	0000000000000010	0000000000000100	0000000000000011	0000000000000001	0000000000000000	0000000000000000	0000000000000000	
0	0	0000000000001010	0000000001010010	0000000000000010	0000000000000010	0000000000000100	0000000000000011	0000000000000001	0000000000000000	0000000000000000	0000000000000000	
1	0	0000000000001010	0000000001010010	0000000000000010	0000000000000010	0000000000000100	0000000000000011	0000000000000001	0000000000000000	0000000000000000	0000000000000000	
0	0	0000000000001010	0000000001010010	0000000000000010	0000000000000010	0000000000000100	0000000000000011	0000000000000001	0000000000000000	0000000000000000	0000000000000000	
1	0	0000000000001010	0000000001010010	0000000000000010	0000000000000010	0000000000000100	0000000000000011	0000000000000001	0000000000000000	0000000000000000	0000000000000000	
0	1	0000000000001100	0000000001010010	0000000000000010	0000000000000010	0000000000000100	0000000000000011	0000000000000001	0000000000000000	0000000000000010	0000000000000000	
1	1	0000000000001100	0000000001010010	0000000000000010	0000000000000010	0000000000000100	0000000000000011	0000000000000001	0000000000000000	0000000000000010	0000000000000000	
0	1	0000000000001100	0000000001010010	0000000000000010	0000000000000010	0000000000000100	0000000000000011	0000000000000001	0000000000000000	0000000000000010	0000000000000000	
1	1	0000000000001100	0000000001010010	0000000000000010	0000000000000010	0000000000000100	0000000000000011	0000000000000001	0000000000000000	0000000000000010	0000000000000000	
0	0	0000000000001100	0000000001010010	0000000000000010	0000000000000010	0000000000000100	0000000000000011	0000000000000001	0000000000000000	0000000000000010	0000000000000000	
1	0	0000000000001100	0000000001010010	0000000000000010	0000000000000010	0000000000000100	0000000000000011	0000000000000001	0000000000000000	0000000000000010	0000000000000000	
0	0	0000000000001100	0000000001010010	0000000000000010	0000000000000010	0000000000000100	0000000000000011	0000000000000001	0000000000000000	0000000000000010	0000000000000000	
1	0	0000000000001100	0000000001010010	0000000000000010	0000000000000010	0000000000000100	0000000000000011	0000000000000001	0000000000000000	0000000000000010	0000000000000000	
0	1	0000000000001100	0000000001010010	0000000000000010	0000000000000010	0000000000000100	0000000000000011	0000000000000001	0000000000000000	0000000000000010	0000000000000000	
1	1	0000000000001100	0000000001010010	0000000000000010	0000000000000010	0000000000000100	0000000000000011	0000000000000001	0000000000000000	0000000000000010	0000000000000000	
0	1	0000000000001100	0000000001010010	0000000000000010	0000000000000010	0000000000000100	0000000000000011	0000000000000001	0000000000000000	0000000000000010	0000000000000000	
1	1	0000000000001100	0000000001010010	0000000000000010	0000000000000010	0000000000000100	0000000000000011	0000000000000001	0000000000000000	0000000000000010	0000000000000000	
0	0	0000000000001100	0000000001010010	0000000000000010	0000000000000010	0000000000000100	0000000000000011	0000000000000001	0000000000000000	0000000000000010	0000000000000000	
1	0	0000000000001100	0000000001010010	0000000000000010	0000000000000010	0000000000000100	0000000000000011	0000000000000001	0000000000000000	0000000000000010	0000000000000000	
0	0	0000000000001100	0000000001010010	0000000000000010	0000000000000010	0000000000000100	0000000000000011	0000000000000001	0000000000000000	0000000000000010	0000000000000000	
1	0	0000000000001100	0000000001010010	0000000000000010	0000000000000010	0000000000000100	0000000000000011	0000000000000001	0000000000000000	0000000000000010	0000000000000000	
0	1	0000000000001100	0000000001010010	0000000000000010	0000000000000010	0000000000000100	0000000000000011	0000000000000001	0000000000000000	0000000000000010	0000000000000000	
1	1	0000000000001100	0000000001010010	0000000000000010	0000000000000010	0000000000000100	0000000000000011	0000000000000001	0000000000000000	0000000000000010	0000000000000000	
0	1	0000000000001100	0000000001010010	0000000000000010	0000000000000010	0000000000000100	0000000000000011	0000000000000001	0000000000000000	0000000000000010	0000000000000000	
1	1	0000000000001100	0000000001010010	0000000000000010	0000000000000010	0000000000000100	0000000000000011	0000000000000001	0000000000000000	0000000000000010	0000000000000000	
0	0	0000000000001100	0000000001010010	0000000000000010	0000000000000010	0000000000000100	0000000000000011	0000000000000001	0000000000000000	0000000000000010	0000000000000000	
1	0	0000000000001100	0000000001010010	0000000000000010	0000000000000010	0000000000000100	0000000000000011	0000000000000001	0000000000000000	0000000000000010	0000000000000000	
0	0	0000000000001100	0000000001010010	0000000000000010	0000000000000010	0000000000000100	0000000000000011	0000000000000001	0000000000000000	0000000000000010	0000000000000000	
1	0	0000000000001100	0000000001010010	0000000000000010	0000000000000010	0000000000000100	0000000000000011	0000000000000001	0000000000000000	0000000000000010	0000000000000000	
0	1	0000000000001100	0000000001010010	0000000000000010	0000000000000010	0000000000000100	0000000000000011	0000000000000010	0000000000000000	0000000000000010	0000000000000000	
1	1	0000000000001100	0000000001010010	0000000000000010	0000000000000010	0000000000000100	0000000000000011	0000000000000010	0000000000000000	0000000000000010	0000000000000000	
0	1	0000000000001100	0000000001010010	0000000000000010	0000000000000010	0000000000000100	0000000000000011	0000000000000010	0000000000000000	0000000000000010	0000000000000000	
1	1	0000000000001100	0000000001010010	0000000000000010	0000000000000010	0000000000000100	0000000000000011	0000000000000010	0000000000000000	0000000000000010	0000000000000000	
0	0	0000000000001100	0000000001010010	0000000000000010	0000000000000010	0000000000000100	0000000000000011	0000000000000010	0000000000000000	0000000000000010	0000000000000000	
1	0	0000000000001100	0000000001010010	0000000000000010	0000000000000010	0000000000000100	0000000000000011	0000000000000010	0000000000000000	0000000000000010	0000000000000000	
0	0	0000000000001100	0000000001010010	0000000000000010	0000000000000010	0000000000000100	0000000000000011	0000000000000010	0000000000000000	0000000000000010	0000000000000000	
1	0	0000000000001100	0000000001010010	0000000000000010	0000000000000010	0000000000000100	0000000000000011	0000000000000010	0000000000000000	0000000000000010	0000000000000000	
0	1	0000000000001110	0000000001100011	0000000000000010	0000000000000010	0000000000000100	0000000000000011	0000000000000010	0000000000000000	0000000000000010	0000000000000000	
1	1	0000000000001110	0000000001100011	0000000000000010	0000000000000010	0000000000000100	0000000000000011	0000000000000010	0000000000000000	0000000000000010	0000000000000000	
0	1	0000000000001110	0000000001100011	0000000000000010	0000000000000010	0000000000000100	0000000000000011	0000000000000010	0000000000000000	0000000000000010	0000000000000000	
1	1	0000000000001110	0000000001100011	0000000000000010	0000000000000010	0000000000000100	0000000000000011	0000000000000010	0000000000000000	0000000000000010	0000000000000000	
0	0	0000000000001110	0000000001100011	0000000000000010	0000000000000010	0000000000000100	0000000000000011	0000000000000010	0000000000000000	0000000000000010	0000000000000000	
1	0	0000000000001110	0000000001100011	0000000000000010	0000000000000010	0000000000000100	0000000000000011	0000000000000010	0000000000000000	0000000000000010	0000000000000000	
0	0	0000000000001110	0000000001100011	0000000000000010	0000000000000010	0000000000000100	0000000000000011	0000000000000010	0000000000000000	0000000000000010	0000000000000000	
1	0	0000000000001110	0000000001100011	0000000000000010	0000000000000010	0000000000000100	0000000000000011	0000000000000010	0000000000000000	0000000000000010	0000000000000000	
0	1	0000000000010000	1111000000000000	0000000000000010	0000000000000100	0000000000000100	0000000000000011	0000000000000010	0000000000000000	0000000000000010	0000000000000000	
1	1	0000000000010000	1111000000000000	0000000000000010	0000000000000100	0000000000000100	0000000000000011	0000000000000010	0000000000000000	0000000000000010	0000000000000000	
0	1	0000000000010000	1111000000000000	0000000000000010	0000000000000100	0000000000000100	0000000000000011	0000000000000010	0000000000000000	0000000000000010	0000000000000000	
1	1	0000000000010000	1111000000000000	0000000000000010	0000000000000100	0000000000000100	0000000000000011	0000000000000010	0000000000000000	0000000000000010	0000000000000000	
0	0	0000000000010000	1111000000000000	0000000000000010	0000000000000100	0000000000000100	0000000000000011	0000000000000010	0000000000000000	0000000000000010	0000000000000000	
1	0	0000000000010000	1111000000000000	0000000000000010	0000000000000100	0000000000000100	0000000000000011	0000000000000010	0000000000000000	0000000000000010	0000000000000000	
0	0	0000000000010000	1111000000000000	0000000000000010	0000000000000100	0000000000000100	0000000000000011	0000000000000010	0000000000000000	0000000000000010	0000000000000000	
1	0	0000000000010000	1111000000000000	0000000000000010	0000000000000100	0000000000000100	0000000000000011	0000000000000010	0000000000000000	0000000000000010	0000000000000000	
0	1	0000000000010010	1111100001000111	0000000000000100	0000000000000100	0000000000000100	0000000000000011	0000000000000010	0000000000000000	0000000000000010	0000000000000000	
1	1	0000000000010010	1111100001000111	0000000000000100	0000000000000100	0000000000000100	0000000000000011	0000000000000010	0000000000000000	0000000000000010	0000000000000000	
0	1	0000000000010010	1111100001000111	0000000000000100	0000000000000100	0000000000000100	0000000000000011	0000000000000010	0000000000000000	0000000000000010	0000000000000000	
1	1	0000000000010010	1111100001000111	0000000000000100	0000000000000100	0000000000000100	0000000000000011	0000000000000010	0000000000000000	0000000000000010	0000000000000000	
0	0	0000000000010010	1111100001000111	0000000000000100	0000000000000100	0000000000000100	0000000000000011	0000000000000010	0000000000000000	0000000000000010	0000000000000000	
1	0	0000000000010010	1111100001000111	0000000000000100	0000000000000100	0000000000000100	0000000000000011	0000000000000010	0000000000000000	0000000000000010	0000000000000000	
0	0	0000000000010010	1111100001000111	0000000000000100	0000000000000100	0000000000000100	0000000000000011	0000000000000010	0000000000000000	0000000000000010	0000000000000000	
1	0	0000000000010010	1111100001000111	0000000000000100	0000000000000100	0000000000000100	0000000000000011	0000000000000010	0000000000000000	0000000000000010	0000000000000000	
0	1	0000000000010010	1111100001000111	0000000000000100	0000000000010000	0000000000000100	0000000000000011	0000000000000100	0000000000000000	0000000000000010	0000000000000000	
1	1	0000000000010010	1111100001000111	0000000000000100	0000000000010000	0000000000000100	0000000000000011	0000000000000100	0000000000000000	0000000000000010	0000000000000000	
0	1	0000000000010010	1111100001000111	0000000000000100	0000000000010000	0000000000000100	0000000000000011	0000000000000100	0000000000000000	0000000000000010	0000000000000000	
1	1	0000000000010010	1111100001000111	0000000000000100	0000000000010000	0000000000000100	0000000000000011	0000000000000100	0000000000000000	0000000000000010	0000000000000000	
0	0	0000000000010010	1111100001000111	0000000000000100	0000000000010000	0000000000000100	0000000000000011	0000000000000100	0000000000000000	0000000000000010	0000000000000000	
1	0	0000000000010010	1111100001000111	0000000000000100	0000000000010000	0000000000000100	0000000000000011	0000000000000100	0000000000000000	0000000000000010	0000000000000000	
0	0	0000000000010010	1111100001000111	0000000000000100	0000000000010000	0000000000000100	0000000000000011	0000000000000100	0000000000000000	0000000000000010	0000000000000000	
1	0	0000000000010010	1111100001000111	0000000000000100	0000000000010000	0000000000000100	0000000000000011	0000000000000100	0000000000000000	0000000000000010	0000000000000000	
0	1	0000000000010010	1111100001000111	0000000000010000	0000000000010000	0000000000000100	0000000000000011	0000000000000100	0000000000000100	0000000000000010	0000000000000000	
1	1	0000000000010010	1111100001000111	0000000000010000	0000000000010000	0000000000000100	0000000000000011	0000000000000100	0000000000000100	0000000000000010	0000000000000000	
0	1	0000000000010010	1111100001000111	0000000000010000	0000000000010000	0000000000000100	0000000000000011	0000000000000100	0000000000000100	0000000000000010	0000000000000000	
1	1	0000000000010010	1111100001000111	0000000000010000	0000000000010000	0000000000000100	0000000000000011	0000000000000100	0000000000000100	0000000000000010	0000000000000000	
0	0	0000000000010010	1111100001000111	0000000000010000	0000000000010000	0000000000000100	0000000000000011	0000000000000100	0000000000000100	0000000000000010	0000000000000000	
1	0	0000000000010010	1111100001000111	0000000000010000	0000000000010000	0000000000000100	0000000000000011	0000000000000100	0000000000000100	0000000000000010	0000000000000000	
0	0	0000000000010010	1111100001000111	0000000000010000	0000000000010000	0000000000000100	0000000000000011	0000000000000100	0000000000000100	0000000000000010	0000000000000000	
1	0	0000000000010010	1111100001000111	0000000000010000	0000000000010000	0000000000000100	0000000000000011	0000000000000100	0000000000000100	0000000000000010	0000000000000000	
0	1	0000000000010010	1111100001000111	0000000000010000	0000000000010000	0000000000000100	0000000000000011	0000000000000100	0000000000000100	0000000000000010	0000000000010000	
1	1	0000000000010010	1111100001000111	0000000000010000	0000000000010000	0000000000000100	0000000000000011	0000000000000100	0000000000000100	0000000000000010	0000000000010000	
0	1	0000000000010010	1111100001000111	0000000000010000	0000000000010000	0000000000000100	0000000000000011	0000000000000100	0000000000000100	0000000000000010	0000000000010000	
1	1	0000000000010010	1111100001000111	0000000000010000	0000000000010000	0000000000000100	0000000000000011	0000000000000100	0000000000000100	0000000000000010	0000000000010000	
0	0	0000000000010010	1111100001000111	0000000000010000	0000000000010000	0000000000000100	0000000000000011	0000000000000100	0000000000000100	0000000000000010	0000000000010000	
1	0	0000000000010010	1111100001000111	0000000000010000	0000000000010000	0000000000000100	0000000000000011	0000000000000100	0000000000000100	0000000000000010	0000000000010000	
0	0	0000000000010010	1111100001000111	0000000000010000	0000000000010000	0000000000000100	0000000000000011	0000000000000100	0000000000000100	0000000000000010	0000000000010000	
1	0	0000000000010010	1111100001000111	0000000000010000	0000000000010000	0000000000000100	0000000000000011	0000000000000100	0000000000000100	0000000000000010	0000000000010000	
0	1	0000000000010010	1111100001000111	0000000000010000	0000000000010000	0000000000000100	0000000000000011	0000000000000100	0000000000000100	0000000000000010	0000000000010000	
1	1	0000000000010010	1111100001000111	0000000000010000	0000000000010000	0000000000000100	0000000000000011	0000000000000100	0000000000000100	0000000000000010	0000000000010000	
0	1	0000000000010010	1111100001000111	0000000000010000	0000000000010000	0000000000000100	0000000000000011	0000000000000100	0000000000000100	0000000000000010	0000000000010000	
1	1	0000000000010010	1111100001000111	0000000000010000	0000000000010000	0000000000000100	0000000000000011	0000000000000100	0000000000000100	0000000000000010	0000000000010000	
0	0	0000000000010010	1111100001000111	0000000000010000	0000000000010000	0000000000000100	0000000000000011	0000000000000100	0000000000000100	0000000000000010	0000000000010000	
1	0	0000000000010010	1111100001000111	0000000000010000	0000000000010000	0000000000000100	0000000000000011	0000000000000100	0000000000000100	0000000000000010	0000000000010000	
0	0	0000000000010010	1111100001000111	0000000000010000	0000000000010000	0000000000000100	0000000000000011	0000000000000100	0000000000000100	0000000000000010	0000000000010000	
1	0	0000000000010010	1111100001000111	0000000000010000	0000000000010000	0000000000000100	0000000000000011	0000000000000100	0000000000000100	0000000000000010	0000000000010000	
0	1	0000000000010010	1111100001000111	0000000000010000	0000000010100000	0000000000000100	0000000000000011	0000000000000100	0000000000000100	0000000000000010	0000000000010000	
1	1	0000000000010010	1111100001000111	0000000000010000	0000000010100000	0000000000000100	0000000000000011	0000000000000100	0000000000000100	0000000000000010	0000000000010000	
0	1	0000000000010010	1111100001000111	0000000000010000	0000000010100000	0000000000000100	0000000000000011	0000000000000100	0000000000000100	0000000000000010	0000000000010000	
1	1	0000000000010010	1111100001000111	0000000000010000	0000000010100000	0000000000000100	0000000000000011	0000000000000100	0000000000000100	0000000000000010	0000000000010000	
0	0	0000000000010010	1111100001000111	0000000000010000	0000000010100000	0000000000000100	0000000000000011	0000000000000100	0000000000000100	0000000000000010	0000000000010000	
1	0	0000000000010010	1111100001000111	0000000000010000	0000000010100000	0000000000000100	0000000000000011	0000000000000100	0000000000000100	0000000000000010	0000000000010000	
0	0	0000000000010010	1111100001000111	0000000000010000	0000000010100000	0000000000000100	0000000000000011	0000000000000100	0000000000000100	0000000000000010	0000000000010000	
1	0	0000000000010010	1111100001000111	0000000000010000	0000000010100000	0000000000000100	0000000000000011	0000000000000100	0000000000000100	0000000000000010	0000000000010000	
0	1	0000000000010010	1111100001000111	0000000010100000	0000000010100000	0000000000000100	0000000000000011	0000000000000100	0000000000000100	0000000000000010	0000000000010000	
1	1	0000000000010010	1111100001000111	0000000010100000	0000000010100000	0000000000000100	0000000000000011	0000000000000100	0000000000000100	0000000000000010	0000000000010000	
0	1	0000000000010010	1111100001000111	0000000010100000	0000000010100000	0000000000000100	0000000000000011	0000000000000100	0000000000000100	0000000000000010	0000000000010000	
1	1	0000000000010010	1111100001000111	0000000010100000	0000000010100000	0000000000000100	0000000000000011	0000000000000100	0000000000000100	0000000000000010	0000000000010000	
0	0	0000000000010010	1111100001000111	0000000010100000	0000000010100000	0000000000000100	0000000000000011	0000000000000100	0000000000000100	0000000000000010	0000000000010000	
1	0	0000000000010010	1111100001000111	0000000010100000	0000000010100000	0000000000000100	0000000000000011	0000000000000100	0000000000000100	0000000000000010	0000000000010000	
0	0	0000000000010010	1111100001000111	0000000010100000	0000000010100000	0000000000000100	0000000000000011	0000000000000100	0000000000000100	0000000000000010	0000000000010000	
1	0	0000000000010010	1111100001000111	0000000010100000	0000000010100000	0000000000000100	0000000000000011	0000000000000100	0000000000000100	0000000000000010	0000000000010000	
0	1	0000000010100000	0010000000000000	0000000010100000	0000000010100000	0000000000000100	0000000000000011	0000000000000100	0000000000000100	0000000000000010	0000000000010000	
1	1	0000000010100000	0010000000000000	0000000010100000	0000000010100000	0000000000000100	0000000000000011	0000000000000100	0000000000000100	0000000000000010	0000000000010000	
0	1	0000000010100000	0010000000000000	0000000010100000	0000000010100000	0000000000000100	0000000000000011	0000000000000100	0000000000000100	0000000000000010	0000000000010000	
1	1	0000000010100000	0010000000000000	0000000010100000	0000000010100000	0000000000000100	0000000000000011	0000000000000100	0000000000000100	0000000000000010	0000000000010000	
0	0	0000000010100000	0010000000000000	0000000010100000	0000000010100000	0000000000000100	0000000000000011	0000000000000100	0000000000000100	0000000000000010	0000000000010000	
1	0	0000000010100000	0010000000000000	0000000010100000	0000000010100000	0000000000000100	0000000000000011	0000000000000100	0000000000000100	0000000000000010	0000000000010000	
0	0	0000000010100000	0010000000000000	0000000010100000	0000000010100000	0000000000000100	0000000000000011	0000000000000100	0000000000000100	0000000000000010	0000000000010000	
1	0	0000000010100000	0010000000000000	0000000010100000	0000000010100000	0000000000000100	0000000000000011	0000000000000100	0000000000000100	0000000000000010	0000000000010000	
0	1	0000000010100010	0000100001011100	0000000010100000	0000000010100000	0000000000000100	0000000000000011	0000000000000100	0000000000000100	0000000000000010	0000000000010000	
1	1	0000000010100010	0000100001011100	0000000010100000	0000000010100000	0000000000000100	0000000000000011	0000000000000100	0000000000000100	0000000000000010	0000000000010000	
0	1	0000000010100010	0000100001011100	0000000010100000	0000000010100000	0000000000000100	0000000000000011	0000000000000100	0000000000000100	0000000000000010	0000000000010000	
1	1	0000000010100010	0000100001011100	0000000010100000	0000000010100000	0000000000000100	0000000000000011	0000000000000100	0000000000000100	0000000000000010	0000000000010000	
0	0	0000000010100010	0000100001011100	0000000010100000	0000000010100000	0000000000000100	0000000000000011	0000000000000100	0000000000000100	0000000000000010	0000000000010000	
1	0	0000000010100010	0000100001011100	0000000010100000	0000000010100000	0000000000000100	0000000000000011	0000000000000100	0000000000000100	0000000000000010	0000000000010000	
0	0	0000000010100010	0000100001011100	0000000010100000	0000000010100000	0000000000000100	0000000000000011	0000000000000100	0000000000000100	0000000000000010	0000000000010000	
1	0	0000000010100010	0000100001011100	0000000010100000	0000000010100000	0000000000000100	0000000000000011	0000000000000100	0000000000000100	0000000000000010	0000000000010000	
0	1	0000000010100100	0001100100001001	0000000010100000	0000000010100000	0000000000000100	0000000000000011	0000000000000100	0000000000000100	0000000000000010	0000000000010000	
1	1	0000000010100100	0001100100001001	0000000010100000	0000000010100000	0000000000000100	0000000000000011	0000000000000100	0000000000000100	0000000000000010	0000000000010000	
0	1	0000000010100100	0001100100001001	0000000010100000	0000000010100000	0000000000000100	0000000000000011	0000000000000100	0000000000000100	0000000000000010	0000000000010000	
1	1	0000000010100100	0001100100001001	0000000010100000	0000000010100000	0000000000000100	0000000000000011	0000000000000100	0000000000000100	0000000000000010	0000000000010000	
0	0	0000000010100100	0001100100001001	0000000010100000	0000000010100000	0000000000000100	0000000000000011	0000000000000100	0000000000000100	0000000000000010	0000000000010000	
1	0	0000000010100100	0001100100001001	0000000010100000	0000000010100000	0000000000000100	0000000000000011	0000000000000100	0000000000000100	0000000000000010	0000000000010000	
0	0	0000000010100100	0001100100001001	0000000010100000	0000000010100000	0000000000000100	0000000000000011	0000000000000100	0000000000000100	0000000000000010	0000000000010000	
1	0	0000000010100100	0001100100001001	0000000010100000	0000000010100000	0000000000000100	0000000000000011	0000000000000100	0000000000000100	0000000000000010	0000000000010000	
0	1	0000000010100100	0001100100001001	0000000010100000	0000000000000010	0000000000000100	0000000000000011	0000000000000100	0000000000000100	0000000000000010	0000000000010000	
1	1	0000000010100100	0001100100001001	0000000010100000	0000000000000010	0000000000000100	0000000000000011	0000000000000100	0000000000000100	0000000000000010	0000000000010000	
0	1	0000000010100100	0001100100001001	0000000010100000	0000000000000010	0000000000000100	0000000000000011	0000000000000100	0000000000000100	0000000000000010	0000000000010000	
1	1	0000000010100100	0001100100001001	0000000010100000	0000000000000010	0000000000000100	0000000000000011	0000000000000100	0000000000000100	0000000000000010	0000000000010000	
0	0	0000000010100100	0001100100001001	0000000010100000	0000000000000010	0000000000000100	0000000000000011	0000000000000100	0000000000000100	0000000000000010	0000000000010000	
1	0	0000000010100100	0001100100001001	0000000010100000	0000000000000010	0000000000000100	0000000000000011	0000000000000100	0000000000000100	0000000000000010	0000000000010000	
0	0	0000000010100100	0001100100001001	0000000010100000	0000000000000010	0000000000000100	0000000000000011	0000000000000100	0000000000000100	0000000000000010	0000000000010000	
1	0	0000000010100100	0001100100001001	0000000010100000	0000000000000010	0000000000000100	0000000000000011	0000000000000100	0000000000000100	0000000000000010	0000000000010000	
0	1	0000000010100100	0001100100001001	0000000000000010	0000000000000010	0000000000000100	0000000000000011	0000000000000100	0000000000000100	0000000000000010	0000000000010000	
1	1	0000000010100100	0001100100001001	0000000000000010	0000000000000010	0000000000000100	0000000000000011	0000000000000100	0000000000000100	0000000000000010	0000000000010000	
0	1	0000000010100100	0001100100001001	0000000000000010	0000000000000010	0000000000000100	0000000000000011	0000000000000100	0000000000000100	0000000000000010	0000000000010000	
1	1	0000000010100100	0001100100001001	0000000000000010	0000000000000010	0000000000000100	0000000000000011	0000000000000100	0000000000000100	0000000000000010	0000000000010000	
0	0	0000000010100100	0001100100001001	0000000000000010	0000000000000010	0000000000000100	0000000000000011	0000000000000100	0000000000000100	0000000000000010	0000000000010000	
1	0	0000000010100100	0001100100001001	0000000000000010	0000000000000010	0000000000000100	0000000000000011	0000000000000100	0000000000000100	0000000000000010	0000000000010000	
0	0	0000000010100100	0001100100001001	0000000000000010	0000000000000010	0000000000000100	0000000000000011	0000000000000100	0000000000000100	0000000000000010	0000000000010000	
1	0	0000000010100100	0001100100001001	0000000000000010	0000000000000010	0000000000000100	0000000000000011	0000000000000100	0000000000000100	0000000000000010	0000000000010000	
0	1	0000000010100100	0001100100001001	0000000000000010	0000000000000010	0000000000000100	0000000000000011	0000000000000100	0000000000000100	0000000000000010	0000000000010000	
1	1	0000000010100100	0001100100001001	0000000000000010	0000000000000010	0000000000000100	0000000000000011	0000000000000100	0000000000000100	0000000000000010	0000000000010000	
0	1	0000000010100100	0001100100001001	0000000000000010	0000000000000010	0000000000000100	0000000000000011	0000000000000100	0000000000000100	0000000000000010	0000000000010000	
1	1	0000000010100100	0001100100001001	0000000000000010	0000000000000010	0000000000000100	0000000000000011	0000000000000100	0000000000000100	0000000000000010	0000000000010000	
0	0	0000000010100100	0001100100001001	0000000000000010	0000000000000010	0000000000000100	0000000000000011	0000000000000100	0000000000000100	0000000000000010	0000000000010000	
1	0	0000000010100100	0001100100001001	0000000000000010	0000000000000010	0000000000000100	0000000000000011	0000000000000100	0000000000000100	0000000000000010	0000000000010000	
0	0	0000000010100100	0001100100001001	0000000000000010	0000000000000010	0000000000000100	0000000000000011	0000000000000100	0000000000000100	0000000000000010	0000000000010000	
1	0	0000000010100100	0001100100001001	0000000000000010	0000000000000010	0000000000000100	0000000000000011	0000000000000100	0000000000000100	0000000000000010	0000000000010000	
0	1	0000000010100110	0001101100001000	0000000000000010	0000000000000010	0000000000000100	0000000000000011	0000000000000100	0000000000000100	0000000000000010	0000000000010000	
1	1	0000000010100110	0001101100001000	0000000000000010	0000000000000010	0000000000000100	0000000000000011	0000000000000100	0000000000000100	0000000000000010	0000000000010000	
0	1	0000000010100110	0001101100001000	0000000000000010	0000000000000010	0000000000000100	0000000000000011	0000000000000100	0000000000000100	0000000000000010	0000000000010000	
1	1	0000000010100110	0001101100001000	0000000000000010	0000000000000010	0000000000000100	0000000000000011	0000000000000100	0000000000000100	0000000000000010	0000000000010000	
0	0	0000000010100110	0001101100001000	0000000000000010	0000000000000010	0000000000000100	0000000000000011	0000000000000100	0000000000000100	0000000000000010	0000000000010000	
1	0	0000000010100110	0001101100001000	0000000000000010	0000000000000010	0000000000000100	0000000000000011	0000000000000100	0000000000000100	0000000000000010	0000000000010000	
0	0	0000000010100110	0001101100001000	0000000000000010	0000000000000010	0000000000000100	0000000000000011	0000000000000100	0000000000000100	0000000000000010	0000000000010000	
1	0	0000000010100110	0001101100001000	0000000000000010	0000000000000010	0000000000000100	0000000000000011	0000000000000100	0000000000000100	0000000000000010	0000000000010000	
0	1	0000000010100110	0001101100001000	0000000000000010	0000000000000101	0000000000000100	0000000000000011	0000000000000100	0000000000000100	0000000000000010	0000000000010000	
1	1	0000000010100110	0001101100001000	0000000000000010	0000000000000101	0000000000000100	0000000000000011	0000000000000100	0000000000000100	0000000000000010	0000000000010000	
0	1	0000000010100110	0001101100001000	0000000000000010	0000000000000101	0000000000000100	0000000000000011	0000000000000100	0000000000000100	0000000000000010	0000000000010000	
1	1	0000000010100110	0001101100001000	0000000000000010	0000000000000101	0000000000000100	0000000000000011	0000000000000100	0000000000000100	0000000000000010	0000000000010000	
0	0	0000000010100110	0001101100001000	0000000000000010	0000000000000101	0000000000000100	0000000000000011	0000000000000100	0000000000000100	0000000000000010	0000000000010000	
1	0	0000000010100110	0001101100001000	0000000000000010	0000000000000101	0000000000000100	0000000000000011	0000000000000100	0000000000000100	0000000000000010	0000000000010000	
0	0	0000000010100110	0001101100001000	0000000000000010	0000000000000101	0000000000000100	0000000000000011	0000000000000100	0000000000000100	0000000000000010	0000000000010000	
1	0	0000000010100110	0001101100001000	0000000000000010	0000000000000101	0000000000000100	0000000000000011	0000000000000100	0000000000000100	0000000000000010	0000000000010000	
0	1	0000000010100110	0001101100001000	0000000000000101	0000000000000101	0000000000000100	0000000000000011	0000000000000100	0000000000000100	0000000000000010	0000000000010000	
1	1	0000000010100110	0001101100001000	0000000000000101	0000000000000101	0000000000000100	0000000000000011	0000000000000100	0000000000000100	0000000000000010	0000000000010000	
0	1	0000000010100110	0001101100001000	0000000000000101	0000000000000101	0000000000000100	0000000000000011	0000000000000100	0000000000000100	0000000000000010	0000000000010000	
1	1	0000000010100110	0001101100001000	0000000000000101	0000000000000101	0000000000000100	0000000000000011	0000000000000100	0000000000000100	0000000000000010	0000000000010000	
0	0	0000000010100110	0001101100001000	0000000000000101	0000000000000101	0000000000000100	0000000000000011	0000000000000100	0000000000000100	0000000000000010	0000000000010000	
1	0	0000000010100110	0001101100001000	0000000000000101	0000000000000101	0000000000000100	0000000000000011	0000000000000100	0000000000000100	0000000000000010	0000000000010000	
0	0	0000000010100110	0001101100001000	0000000000000101	0000000000000101	0000000000000100	0000000000000011	0000000000000100	0000000000000100	0000000000000010	0000000000010000	
1	0	0000000010100110	0001101100001000	0000000000000101	0000000000000101	0000000000000100	0000000000000011	0000000000000100	0000000000000100	0000000000000010	0000000000010000	
0	1	0000000010100110	0001101100001000	0000000000000101	0000000000000101	0000000000000100	0000000000000101	0000000000000100	0000000000000100	0000000000000010	0000000000010000	
1	1	0000000010100110	0001101100001000	0000000000000101	0000000000000101	0000000000000100	0000000000000101	0000000000000100	0000000000000100	0000000000000010	0000000000010000	
0	1	0000000010100110	0001101100001000	0000000000000101	0000000000000101	0000000000000100	0000000000000101	0000000000000100	0000000000000100	0000000000000010	0000000000010000	
1	1	0000000010100110	0001101100001000	0000000000000101	0000000000000101	0000000000000100	0000000000000101	0000000000000100	0000000000000100	0000000000000010	0000000000010000	
0	0	0000000010100110	0001101100001000	0000000000000101	0000000000000101	0000000000000100	0000000000000101	0000000000000100	0000000000000100	0000000000000010	0000000000010000	
1	0	0000000010100110	0001101100001000	0000000000000101	0000000000000101	0000000000000100	0000000000000101	0000000000000100	0000000000000100	0000000000000010	0000000000010000	
0	0	0000000010100110	0001101100001000	0000000000000101	0000000000000101	0000000000000100	0000000000000101	0000000000000100	0000000000000100	0000000000000010	0000000000010000	
1	0	0000000010100110	0001101100001000	0000000000000101	0000000000000101	0000000000000100	0000000000000101	0000000000000100	0000000000000100	0000000000000010	0000000000010000	
0	1	0000000010101000	0111000000100000	0000000000000101	0000000000000101	0000000000000100	0000000000000101	0000000000000100	0000000000000100	0000000000000010	0000000000010000	
1	1	0000000010101000	0111000000100000	0000000000000101	0000000000000101	0000000000000100	0000000000000101	0000000000000100	0000000000000100	0000000000000010	0000000000010000	
0	1	0000000010101000	0111000000100000	0000000000000101	0000000000000101	0000000000000100	0000000000000101	0000000000000100	0000000000000100	0000000000000010	0000000000010000	
1	1	0000000010101000	0111000000100000	0000000000000101	0000000000000101	0000000000000100	0000000000000101	0000000000000100	0000000000000100	0000000000000010	0000000000010000	
0	0	0000000010101000	0111000000100000	0000000000000101	0000000000000101	0000000000000100	0000000000000101	0000000000000100	0000000000000100	0000000000000010	0000000000010000	
1	0	0000000010101000	0111000000100000	0000000000000101	0000000000000101	0000000000000100	0000000000000101	0000000000000100	0000000000000100	0000000000000010	0000000000010000	
0	0	0000000010101000	0111000000100000	0000000000000101	0000000000000101	0000000000000100	0000000000000101	0000000000000100	0000000000000100	0000000000000010	0000000000010000	
1	0	0000000010101000	0111000000100000	0000000000000101	0000000000000101	0000000000000100	0000000000000101	0000000000000100	0000000000000100	0000000000000010	0000000000010000	
0	1	0000000010101000	0111000000100000	0000000000000101	0000000000000011	0000000000000100	0000000000000101	0000000000000100	0000000000000100	0000000000000010	0000000000010000	
1	1	0000000010101000	0111000000100000	0000000000000101	0000000000000011	0000000000000100	0000000000000101	0000000000000100	0000000000000100	0000000000000010	0000000000010000	
0	1	0000000010101000	0111000000100000	0000000000000101	0000000000000011	0000000000000100	0000000000000101	0000000000000100	0000000000000100	0000000000000010	0000000000010000	
1	1	0000000010101000	0111000000100000	0000000000000101	0000000000000011	0000000000000100	0000000000000101	0000000000000100	0000000000000100	0000000000000010	0000000000010000	
0	0	0000000010101000	0111000000100000	0000000000000101	0000000000000011	0000000000000100	0000000000000101	0000000000000100	0000000000000100	0000000000000010	0000000000010000	
1	0	0000000010101000	0111000000100000	0000000000000101	0000000000000011	0000000000000100	0000000000000101	0000000000000100	0000000000000100	0000000000000010	0000000000010000	
0	0	0000000010101000	0111000000100000	0000000000000101	0000000000000011	0000000000000100	0000000000000101	0000000000000100	0000000000000100	0000000000000010	0000000000010000	
1	0	0000000010101000	0111000000100000	0000000000000101	0000000000000011	0000000000000100	0000000000000101	0000000000000100	0000000000000100	0000000000000010	0000000000010000	
0	1	0000000010101000	0111000000100000	0000000000000011	0000000000000011	0000000000000100	0000000000000101	0000000000000100	0000000000000100	0000000000000010	0000000000010000	
1	1	0000000010101000	0111000000100000	0000000000000011	0000000000000011	0000000000000100	0000000000000101	0000000000000100	0000000000000100	0000000000000010	0000000000010000	
0	1	0000000010101000	0111000000100000	0000000000000011	0000000000000011	0000000000000100	0000000000000101	0000000000000100	0000000000000100	0000000000000010	0000000000010000	
1	1	0000000010101000	0111000000100000	0000000000000011	0000000000000011	0000000000000100	0000000000000101	0000000000000100	0000000000000100	0000000000000010	0000000000010000	
0	0	0000000010101000	0111000000100000	0000000000000011	0000000000000011	0000000000000100	0000000000000101	0000000000000100	0000000000000100	0000000000000010	0000000000010000	
1	0	0000000010101000	0111000000100000	0000000000000011	0000000000000011	0000000000000100	0000000000000101	0000000000000100	0000000000000100	0000000000000010	0000000000010000	
0	0	0000000010101000	0111000000100000	0000000000000011	0000000000000011	0000000000000100	0000000000000101	0000000000000100	0000000000000100	0000000000000010	0000000000010000	
1	0	0000000010101000	0111000000100000	0000000000000011	0000000000000011	0000000000000100	0000000000000101	0000000000000100	0000000000000100	0000000000000010	0000000000010000	
0	1	0000000010101000	0111000000100000	0000000000000011	0000000000000011	0000000000000011	0000000000000101	0000000000000100	0000000000000100	0000000000000010	0000000000010000	
1	1	0000000010101000	0111000000100000	0000000000000011	0000000000000011	0000000000000011	0000000000000101	0000000000000100	0000000000000100	0000000000000010	0000000000010000	
0	1	0000000010101000	0111000000100000	0000000000000011	0000000000000011	0000000000000011	0000000000000101	0000000000000100	0000000000000100	0000000000000010	0000000000010000	
1	1	0000000010101000	0111000000100000	0000000000000011	0000000000000011	0000000000000011	0000000000000101	0000000000000100	0000000000000100	0000000000000010	0000000000010000	
0	0	0000000010101000	0111000000100000	0000000000000011	0000000000000011	0000000000000011	0000000000000101	0000000000000100	0000000000000100	0000000000000010	0000000000010000	
1	0	0000000010101000	0111000000100000	0000000000000011	0000000000000011	0000000000000011	0000000000000101	0000000000000100	0000000000000100	0000000000000010	0000000000010000	
0	0	0000000010101000	0111000000100000	0000000000000011	0000000000000011	0000000000000011	0000000000000101	0000000000000100	0000000000000100	0000000000000010	0000000000010000	
1	0	0000000010101000	0111000000100000	0000000000000011	0000000000000011	0000000000000011	0000000000000101	0000000000000100	0000000000000100	0000000000000010	0000000000010000	
0	1	0000000010101010	0111100000100010	0000000000000011	0000000000000011	0000000000000011	0000000000000101	0000000000000100	0000000000000100	0000000000000010	0000000000010000	
1	1	0000000010101010	0111100000100010	0000000000000011	0000000000000011	0000000000000011	0000000000000101	0000000000000100	0000000000000100	0000000000000010	0000000000010000	
0	1	0000000010101010	0111100000100010	0000000000000011	0000000000000011	0000000000000011	0000000000000101	0000000000000100	0000000000000100	0000000000000010	0000000000010000	
1	1	0000000010101010	0111100000100010	0000000000000011	0000000000000011	0000000000000011	0000000000000101	0000000000000100	0000000000000100	0000000000000010	0000000000010000	
0	0	0000000010101010	0111100000100010	0000000000000011	0000000000000011	0000000000000011	0000000000000101	0000000000000100	0000000000000100	0000000000000010	0000000000010000	
1	0	0000000010101010	0111100000100010	0000000000000011	0000000000000011	0000000000000011	0000000000000101	0000000000000100	0000000000000100	0000000000000010	0000000000010000	
0	0	0000000010101010	0111100000100010	0000000000000011	0000000000000011	0000000000000011	0000000000000101	0000000000000100	0000000000000100	0000000000000010	0000000000010000	
1	0	0000000010101010	0111100000100010	0000000000000011	0000000000000011	0000000000000011	0000000000000101	0000000000000100	0000000000000100	0000000000000010	0000000000010000	
0	1	0000000010101100	0001101010010000	0000000000000011	0000000000000010	0000000000000011	0000000000000101	0000000000000100	0000000000000100	0000000000000010	0000000000010000	
1	1	0000000010101100	0001101010010000	0000000000000011	0000000000000010	0000000000000011	0000000000000101	0000000000000100	0000000000000100	0000000000000010	0000000000010000	
0	1	0000000010101100	0001101010010000	0000000000000011	0000000000000010	0000000000000011	0000000000000101	0000000000000100	0000000000000100	0000000000000010	0000000000010000	
1	1	0000000010101100	0001101010010000	0000000000000011	0000000000000010	0000000000000011	0000000000000101	0000000000000100	0000000000000100	0000000000000010	0000000000010000	
0	0	0000000010101100	0001101010010000	0000000000000011	0000000000000010	0000000000000011	0000000000000101	0000000000000100	0000000000000100	0000000000000010	0000000000010000	
1	0	0000000010101100	0001101010010000	0000000000000011	0000000000000010	0000000000000011	0000000000000101	0000000000000100	0000000000000100	0000000000000010	0000000000010000	
0	0	0000000010101100	0001101010010000	0000000000000011	0000000000000010	0000000000000011	0000000000000101	0000000000000100	0000000000000100	0000000000000010	0000000000010000	
1	0	0000000010101100	0001101010010000	0000000000000011	0000000000000010	0000000000000011	0000000000000101	0000000000000100	0000000000000100	0000000000000010	0000000000010000	
0	1	0000000010101100	0001101010010000	0000000000000000	0000000000000010	0000000000000011	0000000000000101	0000000000000100	0000000000000100	0000000000000010	0000000000010000	
1	1	0000000010101100	0001101010010000	0000000000000000	0000000000000010	0000000000000011	0000000000000101	0000000000000100	0000000000000100	0000000000000010	0000000000010000	
0	1	0000000010101100	0001101010010000	0000000000000000	0000000000000010	0000000000000011	0000000000000101	0000000000000100	0000000000000100	0000000000000010	0000000000010000	
1	1	0000000010101100	0001101010010000	0000000000000000	0000000000000010	0000000000000011	0000000000000101	0000000000000100	0000000000000100	0000000000000010	0000000000010000	
0	0	0000000010101100	0001101010010000	0000000000000000	0000000000000010	0000000000000011	0000000000000101	0000000000000100	0000000000000100	0000000000000010	0000000000010000	
1	0	0000000010101100	0001101010010000	0000000000000000	0000000000000010	0000000000000011	0000000000000101	0000000000000100	0000000000000100	0000000000000010	0000000000010000	
0	0	0000000010101100	0001101010010000	0000000000000000	0000000000000010	0000000000000011	0000000000000101	0000000000000100	0000000000000100	0000000000000010	0000000000010000	
1	0	0000000010101100	0001101010010000	0000000000000000	0000000000000010	0000000000000011	0000000000000101	0000000000000100	0000000000000100	0000000000000010	0000000000010000	
0	1	0000000010101100	0001101010010000	0000000000000011	0000000000000010	0000000000000011	0000000000000101	0000000000000100	0000000000000100	0000000000000010	0000000000010000	
1	1	0000000010101100	0001101010010000	0000000000000011	0000000000000010	0000000000000011	0000000000000101	0000000000000100	0000000000000100	0000000000000010	0000000000010000	
0	1	0000000010101100	0001101010010000	0000000000000011	0000000000000010	0000000000000011	0000000000000101	0000000000000100	0000000000000100	0000000000000010	0000000000010000	
1	1	0000000010101100	0001101010010000	0000000000000011	0000000000000010	0000000000000011	0000000000000101	0000000000000100	0000000000000100	0000000000000010	0000000000010000	
0	0	0000000010101100	0001101010010000	0000000000000011	0000000000000010	0000000000000011	0000000000000101	0000000000000100	0000000000000100	0000000000000010	0000000000010000	
1	0	0000000010101100	0001101010010000	0000000000000011	0000000000000010	0000000000000011	0000000000000101	0000000000000100	0000000000000100	0000000000000010	0000000000010000	
0	0	0000000010101100	0001101010010000	0000000000000011	0000000000000010	0000000000000011	0000000000000101	0000000000000100	0000000000000100	0000000000000010	0000000000010000	
1	0	0000000010101100	0001101010010000	0000000000000011	0000000000000010	0000000000000011	0000000000000101	0000000000000100	0000000000000100	0000000000000010	0000000000010000	
0	1	0000000010101100	0001101010010000	0000000000000011	0000000000000010	0000000000000011	0000000000000101	0000000000000011	0000000000000100	0000000000000010	0000000000010000	
1	1	0000000010101100	0001101010010000	0000000000000011	0000000000000010	0000000000000011	0000000000000101	0000000000000011	0000000000000100	0000000000000010	0000000000010000	
0	1	0000000010101100	0001101010010000	0000000000000011	0000000000000010	0000000000000011	0000000000000101	0000000000000011	0000000000000100	0000000000000010	0000000000010000	
1	1	0000000010101100	0001101010010000	0000000000000011	0000000000000010	0000000000000011	0000000000000101	0000000000000011	0000000000000100	0000000000000010	0000000000010000	
0	0	0000000010101100	0001101010010000	0000000000000011	0000000000000010	0000000000000011	0000000000000101	0000000000000011	0000000000000100	0000000000000010	0000000000010000	
1	0	0000000010101100	0001101010010000	0000000000000011	0000000000000010	0000000000000011	0000000000000101	0000000000000011	0000000000000100	0000000000000010	0000000000010000	
0	0	0000000010101100	0001101010010000	0000000000000011	0000000000000010	0000000000000011	0000000000000101	0000000000000011	0000000000000100	0000000000000010	0000000000010000	
1	0	0000000010101100	0001101010010000	0000000000000011	0000000000000010	0000000000000011	0000000000000101	0000000000000011	0000000000000100	0000000000000010	0000000000010000	
0	1	0000000010101110	1101000110101000	0000000000000011	0000000000000010	0000000000000011	0000000000000101	0000000000000011	0000000000000100	0000000000000010	0000000000010000	
1	1	0000000010101110	1101000110101000	0000000000000011	0000000000000010	0000000000000011	0000000000000101	0000000000000011	0000000000000100	0000000000000010	0000000000010000	
0	1	0000000010101110	1101000110101000	0000000000000011	0000000000000010	0000000000000011	0000000000000101	0000000000000011	0000000000000100	0000000000000010	0000000000010000	
1	1	0000000010101110	1101000110101000	0000000000000011	0000000000000010	0000000000000011	0000000000000101	0000000000000011	0000000000000100	0000000000000010	0000000000010000	
0	0	0000000010101110	1101000110101000	0000000000000011	0000000000000010	0000000000000011	0000000000000101	0000000000000011	0000000000000100	0000000000000010	0000000000010000	
1	0	0000000010101110	1101000110101000	0000000000000011	0000000000000010	0000000000000011	0000000000000101	0000000000000011	0000000000000100	0000000000000010	0000000000010000	
0	0	0000000010101110	1101000110101000	0000000000000011	0000000000000010	0000000000000011	0000000000000101	0000000000000011	0000000000000100	0000000000000010	0000000000010000	
1	0	0000000010101110	1101000110101000	0000000000000011	0000000000000010	0000000000000011	0000000000000101	0000000000000011	0000000000000100	0000000000000010	0000000000010000	
0	1	0000000010101110	1101000110101000	0000000000000011	0000000000000000	0000000000000011	0000000000000101	0000000000000011	0000000000000100	0000000000000010	0000000000010000	
1	1	0000000010101110	1101000110101000	0000000000000011	0000000000000000	0000000000000011	0000000000000101	0000000000000011	0000000000000100	0000000000000010	0000000000010000	
0	1	0000000010101110	1101000110101000	0000000000000011	0000000000000000	0000000000000011	0000000000000101	0000000000000011	0000000000000100	0000000000000010	0000000000010000	
1	1	0000000010101110	1101000110101000	0000000000000011	0000000000000000	0000000000000011	0000000000000101	0000000000000011	0000000000000100	0000000000000010	0000000000010000	
0	0	0000000010101110	1101000110101000	0000000000000011	0000000000000000	0000000000000011	0000000000000101	0000000000000011	0000000000000100	0000000000000010	0000000000010000	
1	0	0000000010101110	1101000110101000	0000000000000011	0000000000000000	0000000000000011	0000000000000101	0000000000000011	0000000000000100	0000000000000010	0000000000010000	
0	0	0000000010101110	1101000110101000	0000000000000011	0000000000000000	0000000000000011	0000000000000101	0000000000000011	0000000000000100	0000000000000010	0000000000010000	
1	0	0000000010101110	1101000110101000	0000000000000011	0000000000000000	0000000000000011	0000000000000101	0000000000000011	0000000000000100	0000000000000010	0000000000010000	
0	1	0000000010101110	1101000110101000	0000000000000000	0000000000000000	0000000000000011	0000000000000101	0000000000000011	0000000000000100	0000000000000010	0000000000010000	
1	1	0000000010101110	1101000110101000	0000000000000000	0000000000000000	0000000000000011	0000000000000101	0000000000000011	0000000000000100	0000000000000010	0000000000010000	
0	1	0000000010101110	1101000110101000	0000000000000000	0000000000000000	0000000000000011	0000000000000101	0000000000000011	0000000000000100	0000000000000010	0000000000010000	
1	1	0000000010101110	1101000110101000	0000000000000000	0000000000000000	0000000000000011	0000000000000101	0000000000000011	0000000000000100	0000000000000010	0000000000010000	
0	0	0000000010101110	1101000110101000	0000000000000000	0000000000000000	0000000000000011	0000000000000101	0000000000000011	0000000000000100	0000000000000010	0000000000010000	
1	0	0000000010101110	1101000110101000	0000000000000000	0000000000000000	0000000000000011	0000000000000101	0000000000000011	0000000000000100	0000000000000010	0000000000010000	
0	0	0000000010101110	1101000110101000	0000000000000000	0000000000000000	0000000000000011	0000000000000101	0000000000000011	0000000000000100	0000000000000010	0000000000010000	
1	0	0000000010101110	1101000110101000	0000000000000000	0000000000000000	0000000000000011	0000000000000101	0000000000000011	0000000000000100	0000000000000010	0000000000010000	
0	1	0000000010101110	1101000110101000	0000000000000000	0000000000000000	0000000000000000	0000000000000101	0000000000000011	0000000000000100	0000000000000010	0000000000010000	
1	1	0000000010101110	1101000110101000	0000000000000000	0000000000000000	0000000000000000	0000000000000101	0000000000000011	0000000000000100	0000000000000010	0000000000010000	
0	1	0000000010101110	1101000110101000	0000000000000000	0000000000000000	0000000000000000	0000000000000101	0000000000000011	0000000000000100	0000000000000010	0000000000010000	
1	1	0000000010101110	1101000110101000	0000000000000000	0000000000000000	0000000000000000	0000000000000101	0000000000000011	0000000000000100	0000000000000010	0000000000010000	
0	0	0000000010101110	1101000110101000	0000000000000000	0000000000000000	0000000000000000	0000000000000101	0000000000000011	0000000000000100	0000000000000010	0000000000010000	
1	0	0000000010101110	1101000110101000	0000000000000000	0000000000000000	0000000000000000	0000000000000101	0000000000000011	0000000000000100	0000000000000010	0000000000010000	
0	0	0000000010101110	1101000110101000	0000000000000000	0000000000000000	0000000000000000	0000000000000101	0000000000000011	0000000000000100	0000000000000010	0000000000010000	
1	0	0000000010101110	1101000110101000	0000000000000000	0000000000000000	0000000000000000	0000000000000101	0000000000000011	0000000000000100	0000000000000010	0000000000010000	
0	1	0000000010110000	1110011111110111	0000000000000000	0000000000000000	0000000000000000	0000000000000101	0000000000000011	0000000000000100	0000000000000010	0000000000010000	
1	1	0000000010110000	1110011111110111	0000000000000000	0000000000000000	0000000000000000	0000000000000101	0000000000000011	0000000000000100	0000000000000010	0000000000010000	
0	1	0000000010110000	1110011111110111	0000000000000000	0000000000000000	0000000000000000	0000000000000101	0000000000000011	0000000000000100	0000000000000010	0000000000010000	
1	1	0000000010110000	1110011111110111	0000000000000000	0000000000000000	0000000000000000	0000000000000101	0000000000000011	0000000000000100	0000000000000010	0000000000010000	
0	0	0000000010110000	1110011111110111	0000000000000000	0000000000000000	0000000000000000	0000000000000101	0000000000000011	0000000000000100	0000000000000010	0000000000010000	
1	0	0000000010110000	1110011111110111	0000000000000000	0000000000000000	0000000000000000	0000000000000101	0000000000000011	0000000000000100	0000000000000010	0000000000010000	
0	0	0000000010110000	1110011111110111	0000000000000000	0000000000000000	0000000000000000	0000000000000101	0000000000000011	0000000000000100	0000000000000010	0000000000010000	
1	0	0000000010110000	1110011111110111	0000000000000000	0000000000000000	0000000000000000	0000000000000101	0000000000000011	0000000000000100	0000000000000010	0000000000010000	
0	1	0000000010110000	1110011111110111	0000000000000000	0000000000000000	0000000000000000	0000000000000101	0000000000000011	0000000000000100	0000000000000010	0000000000010000	
1	1	0000000010110000	1110011111110111	0000000000000000	0000000000000000	0000000000000000	0000000000000101	0000000000000011	0000000000000100	0000000000000010	0000000000010000	
0	1	0000000010110000	1110011111110111	0000000000000000	0000000000000000	0000000000000000	0000000000000101	0000000000000011	0000000000000100	0000000000000010	0000000000010000	
1	1	0000000010110000	1110011111110111	0000000000000000	0000000000000000	0000000000000000	0000000000000101	0000000000000011	0000000000000100	0000000000000010	0000000000010000	
0	0	0000000010110000	1110011111110111	0000000000000000	0000000000000000	0000000000000000	0000000000000101	0000000000000011	0000000000000100	0000000000000010	0000000000010000	
1	0	0000000010110000	1110011111110111	0000000000000000	0000000000000000	0000000000000000	0000000000000101	0000000000000011	0000000000000100	0000000000000010	0000000000010000	
0	0	0000000010110000	1110011111110111	0000000000000000	0000000000000000	0000000000000000	0000000000000101	0000000000000011	0000000000000100	0000000000000010	0000000000010000	
1	0	0000000010110000	1110011111110111	0000000000000000	0000000000000000	0000000000000000	0000000000000101	0000000000000011	0000000000000100	0000000000000010	0000000000010000	
0	1	0000000010110000	1110011111110111	0000000000000000	0000000010100000	0000000000000000	0000000000000101	0000000000000011	0000000000000100	0000000000000010	0000000000010000	
1	1	0000000010110000	1110011111110111	0000000000000000	0000000010100000	0000000000000000	0000000000000101	0000000000000011	0000000000000100	0000000000000010	0000000000010000	
0	1	0000000010110000	1110011111110111	0000000000000000	0000000010100000	0000000000000000	0000000000000101	0000000000000011	0000000000000100	0000000000000010	0000000000010000	
1	1	0000000010110000	1110011111110111	0000000000000000	0000000010100000	0000000000000000	0000000000000101	0000000000000011	0000000000000100	0000000000000010	0000000000010000	
0	0	0000000010110000	1110011111110111	0000000000000000	0000000010100000	0000000000000000	0000000000000101	0000000000000011	0000000000000100	0000000000000010	0000000000010000	
1	0	0000000010110000	1110011111110111	0000000000000000	0000000010100000	0000000000000000	0000000000000101	0000000000000011	0000000000000100	0000000000000010	0000000000010000	
0	0	0000000010110000	1110011111110111	0000000000000000	0000000010100000	0000000000000000	0000000000000101	0000000000000011	0000000000000100	0000000000000010	0000000000010000	
1	0	0000000010110000	1110011111110111	0000000000000000	0000000010100000	0000000000000000	0000000000000101	0000000000000011	0000000000000100	0000000000000010	0000000000010000	
0	1	0000000010110000	1110011111110111	0000000010100000	0000000010100000	0000000000000000	0000000000000101	0000000000000011	0000000000000100	0000000000000010	0000000000010000	
1	1	0000000010110000	1110011111110111	0000000010100000	0000000010100000	0000000000000000	0000000000000101	0000000000000011	0000000000000100	0000000000000010	0000000000010000	
0	1	0000000010110000	1110011111110111	0000000010100000	0000000010100000	0000000000000000	0000000000000101	0000000000000011	0000000000000100	0000000000000010	0000000000010000	
1	1	0000000010110000	1110011111110111	0000000010100000	0000000010100000	0000000000000000	0000000000000101	0000000000000011	0000000000000100	0000000000000010	0000000000010000	
0	0	0000000010110000	1110011111110111	0000000010100000	0000000010100000	0000000000000000	0000000000000101	0000000000000011	0000000000000100	0000000000000010	0000000000010000	
1	0	0000000010110000	1110011111110111	0000000010100000	0000000010100000	0000000000000000	0000000000000101	0000000000000011	0000000000000100	0000000000000010	0000000000010000	
0	0	0000000010110000	1110011111110111	0000000010100000	0000000010100000	0000000000000000	0000000000000101	0000000000000011	0000000000000100	0000000000000010	0000000000010000	
1	0	0000000010110000	1110011111110111	0000000010100000	0000000010100000	0000000000000000	0000000000000101	0000000000000011	0000000000000100	0000000000000010	0000000000010000	
0	1	0000000010100000	0000000000000000	0000000010100000	0000000010100000	0000000000000000	0000000000000101	0000000000000011	0000000000000100	0000000000000010	0000000000010000	
1	1	0000000010100000	0000000000000000	0000000010100000	0000000010100000	0000000000000000	0000000000000101	0000000000000011	0000000000000100	0000000000000010	0000000000010000	
0	1	0000000010100000	0000000000000000	0000000010100000	0000000010100000	0000000000000000	0000000000000101	0000000000000011	0000000000000100	0000000000000010	0000000000010000	
1	1	0000000010100000	0000000000000000	0000000010100000	0000000010100000	0000000000000000	0000000000000101	0000000000000011	0000000000000100	0000000000000010	0000000000010000	
0	0	0000000010100000	0000000000000000	0000000010100000	0000000010100000	0000000000000000	0000000000000101	0000000000000011	0000000000000100	0000000000000010	0000000000010000	
1	0	0000000010100000	0000000000000000	0000000010100000	0000000010100000	0000000000000000	0000000000000101	0000000000000011	0000000000000100	0000000000000010	0000000000010000	
0	0	0000000010100000	0000000000000000	0000000010100000	0000000010100000	0000000000000000	0000000000000101	0000000000000011	0000000000000100	0000000000000010	0000000000010000	
1	0	0000000010100000	0000000000000000	0000000010100000	0000000010100000	0000000000000000	0000000000000101	0000000000000011	0000000000000100	0000000000000010	0000000000010000	
